 XF =   1000 - XG =   0.000
 YF =   0.000 - YG =   0.000
 ZF =  -2.500 - ZG =   0.000
 Displacement =  0.3898344E+03
 Waterplane area =  0.7796688E+02
